Size: 10

Zeros: 1

Gravity matrix (p):
  0  0  0  0  0  0  0  0 -1  1
  0  0  0  0  0  0  0 -1  2 -1
  0  0  0  0  0  0 -1  2 -1  0
  0  0  0  0  0 -1  2 -1  0  0
  0  0  0  0 -1  2 -1  0  0  0
  0  0  0 -1  2 -1  0  0  0  0
  0  0 -1  2 -1  0  0  0  0  0
  0 -1  2 -1  0  0  0  0  0  0
 -1  2 -1  0  0  0  0  0  0  0
  1 -1  0  0  0  0  0  0  0  0

Gravity matrix (p+):
 256 384 448 480 496 504 508 510 511 511
 384 320 416 464 488 500 506 509 510 511
 448 416 336 424 468 490 501 506 509 510
 480 464 424 340 426 469 490 501 506 508
 496 488 468 426 341 426 469 490 500 504
 504 500 490 469 426 341 426 468 488 496
 508 506 501 490 469 426 340 424 464 480
 510 509 506 501 490 468 424 336 416 448
 511 510 509 506 500 488 464 416 320 384
 511 511 510 508 504 496 480 448 384 256

Processing elapsed in 0,01s