Size: 6

Zeros: 1

Gravity matrix (p):
  0  0  0  0 -1  1
  0  0  0 -1  2 -1
  0  0 -1  2 -1  0
  0 -1  2 -1  0  0
 -1  2 -1  0  0  0
  1 -1  0  0  0  0

Gravity matrix (p+):
 16 24 28 30 31 31
 24 20 26 29 30 31
 28 26 21 26 29 30
 30 29 26 21 26 28
 31 30 29 26 20 24
 31 31 30 28 24 16

Processing elapsed in 0,01s