Size: 7

Zeros: 1

Gravity matrix (p):
  0  0  0  0  0  1 -1
  0  0  0  0  1 -2  1
  0  0  0  1 -2  1  0
  0  0  1 -2  1  0  0
  0  1 -2  1  0  0  0
  1 -2  1  0  0  0  0
 -1  1  0  0  0  0  0

Gravity matrix (p+):
 32 48 56 60 62 63 63
 48 40 52 58 61 62 63
 56 52 42 53 58 61 62
 60 58 53 42 53 58 60
 62 61 58 53 42 52 56
 63 62 61 58 52 40 48
 63 63 62 60 56 48 32

Processing elapsed in 0,01s