Size: 9

Zeros: 1

Gravity matrix (p):
  0  0  0  0  0  0  0  1 -1
  0  0  0  0  0  0  1 -2  1
  0  0  0  0  0  1 -2  1  0
  0  0  0  0  1 -2  1  0  0
  0  0  0  1 -2  1  0  0  0
  0  0  1 -2  1  0  0  0  0
  0  1 -2  1  0  0  0  0  0
  1 -2  1  0  0  0  0  0  0
 -1  1  0  0  0  0  0  0  0

Gravity matrix (p+):
 128 192 224 240 248 252 254 255 255
 192 160 208 232 244 250 253 254 255
 224 208 168 212 234 245 250 253 254
 240 232 212 170 213 234 245 250 252
 248 244 234 213 170 213 234 244 248
 252 250 245 234 213 170 212 232 240
 254 253 250 245 234 212 168 208 224
 255 254 253 250 244 232 208 160 192
 255 255 254 252 248 240 224 192 128

Processing elapsed in 0,01s